 n: max_err: 
      10.000000     -1.1796978
      11.000000     -1.2524714
      12.000000     -1.3198063
      13.000000     -1.3824339
      14.000000     -1.4409522
      15.000000     -1.4958552
      16.000000     -1.5475549
      17.000000     -1.5963981
      18.000000     -1.6426793
      19.000000     -1.6866501
      20.000000     -1.7285275
      22.000000     -1.8067304
      24.000000     -1.8785275
      26.000000     -1.9448815
      28.000000     -2.0065548
      30.000000     -2.0641608
      33.000000     -2.1440151
      36.000000     -2.2171692
      39.000000     -2.2846572
      42.000000     -2.3472916
      46.000000     -2.4243593
      50.000000     -2.4951560
      55.000000     -2.5762494
      60.000000     -2.6504243
      66.000000     -2.7318144
      72.000000     -2.8062343
      79.000000     -2.8857004
      86.000000     -2.9585066
      94.000000     -3.0348690
      103.00000     -3.1134487
      113.00000     -3.1931580
      124.00000     -3.2731402
      136.00000     -3.3527381
      149.00000     -3.4314603
      163.00000     -3.5089497
      179.00000     -3.5897933
      196.00000     -3.6681696
      215.00000     -3.7481353
      236.00000     -3.8287166
      259.00000     -3.9091601
      284.00000     -3.9888977
      312.00000     -4.0702921
      343.00000     -4.1523165
      377.00000     -4.2341800
      414.00000     -4.3152900
      455.00000     -4.3971214
      500.00000     -4.4788653
      550.00000     -4.5614916
      605.00000     -4.6441324
      665.00000     -4.7261346
      731.00000     -4.8082075
      804.00000     -4.8907763
      884.00000     -4.9730705
      972.00000     -5.0554092
      1069.0000     -5.1379507
      1175.0000     -5.2199974
      1292.0000     -5.3023795
      1421.0000     -5.3849814
      1563.0000     -5.4676555
      1719.0000     -5.5502388
      1890.0000     -5.6325648
      2079.0000     -5.7153083
      2286.0000     -5.7977139
      2514.0000     -5.8802575
      2765.0000     -5.9628858
      3041.0000     -6.0454998
      3345.0000     -6.1282333
      3679.0000     -6.2108771
      4046.0000     -6.2934479
      4450.0000     -6.3760968
      4895.0000     -6.4588646
      5384.0000     -6.5415534
      5922.0000     -6.6242660
      6514.0000     -6.7070120
      7165.0000     -6.7897377
      7881.0000     -6.8724581
      8669.0000     -6.9552248
      9535.0000     -7.0379175
      10488.000     -7.1206407
      11536.000     -7.2033279
      12689.000     -7.2860132
      13957.000     -7.3686627
      15352.000     -7.4513329
      16887.000     -7.5340248
      18575.000     -7.6166892
      20432.000     -7.6993605
      22475.000     -7.7820540
      24722.000     -7.8647345
      27194.000     -7.9473863
      29913.000     -8.0299707
      32904.000     -8.1119945
      36194.000     -8.1923200
      39813.000     -8.2709866
      43794.000     -8.3499130
      48173.000     -8.4277864
      52990.000     -8.5012054
      58289.000     -8.5674096
      64117.000     -8.6337578
      70528.000     -8.6944499
      77580.000     -8.7431433
      85338.000     -8.7835715
      93871.000     -8.8211832
      103258.00     -8.8610893
      113583.00     -8.8951320
      124941.00     -8.9036889
      137435.00     -8.8787426
      151178.00     -8.8562512
      166295.00     -8.8369516
      182924.00     -8.7847621
      201216.00     -8.7042088
      221337.00     -8.5946926
      243470.00     -8.5049867
      267817.00     -8.4209323
      294598.00     -8.3387422
      324057.00     -8.2767584
      356462.00     -8.2291190
      392108.00     -8.1915062
      431318.00     -8.1637824
      474449.00     -8.1426390
      521893.00     -8.1247624
      574082.00     -8.1088733
      631490.00     -8.0950615
      694639.00     -8.0838765
      764102.00     -8.0752206
      840512.00     -8.0681038
      924563.00     -8.0616552
      1017019.0     -8.0533868
      1118720.0     -8.0453715
      1230592.0     -8.0379066
      1353651.0     -8.0308438
      1489016.0     -8.0238876
      1637917.0     -8.0168586
      1801708.0     -8.0094515
      1981878.0     -8.0015283
      2180065.0     -7.9939194
      2398071.0     -7.9877570
      2637878.0     -7.9840247
      2901665.0     -7.9826000
      3191831.0     -7.9825039
      3511014.0     -7.9813232
      3862115.0     -7.9750701
      4248326.0     -7.6374995
      4673158.0     -7.3400707
      5140473.0     -7.0821192
      5654520.0     -6.8519355
      6219972.0     -6.6375960
      6841969.0     -6.4382979
      7526165.0     -6.2452778
      8278781.0     -6.0616636
      9106659.0     -5.8833892
      10017324.     -5.7091319
      11019056.     -5.5363619
      12120961.     -5.3598009
      13333057.     -5.1919730
      14666362.     -5.0274186
